5647	7776
2479	7425
11958	730
7896	11910
11041	11349
828	5464
12256	4829
11678	4920
4545	1810
1530	2848
3090	1040
6902	11433
7841	8585
10430	5866
10230	9000
2025	11998
5221	1971
5017	5964
3967	1849
7728	8582
3132	9727
704	7621
12536	3401
12630	3851
35	9041
1483	1309
8018	6454
9015	4582
4917	9858
3108	7163
3900	2571
2975	5421
2538	3845
5160	5571
3496	8171
12016	22
10241	6181
784	8426
9990	1263
10590	6497
1927	2280
7391	9162
481	10308
5342	8360
5081	5986
1778	12041
9326	7455
5321	2555
1212	6307
4420	11415
817	4998
2043	10874
6555	10963
9903	7102
12115	5380
6436	5540
8351	9812
11514	3404
6325	2616
12484	353
5201	3660
12006	6116
13006	12185
7790	9994
8228	3841
9872	3101
855	2115
11663	10936
4757	444
8846	10126
11942	2163
5637	5066
10692	3487
7304	8125
6164	7791
7182	19
9370	1735
8379	864
8830	10106
1505	4601
189	9691
3147	2935
879	1852
3084	3678
9929	8661
6001	8293
11164	12276
9913	5394
2108	6427
5604	5285
3600	9992
1041	5873
1138	7634
7701	80
11472	1961
297	6718
9516	7034
2843	5980
8098	3858
2944	5216
6809	351
8108	7042
4642	4231
6425	7002
4833	8451
10327	2372
335	10803
7657	2340
764	8738
8133	4734
5065	97
1122	10
9606	4811
947	5316
3397	367
3490	2865
2890	9465
8709	5231
5755	2075
11348	1481
2304	11571
6206	9280
8778	3774
12714	5063
8789	4387
5246	819
10498	4759
9185	3374
10475	8099
4325	1744
1937	10222
9286	3384
7447	4466
8429	50
11491	6060
1389	7398
4998	8556
11212	7282
2676	3825
13033	4499
8368	3033
8894	2976
9747	3610
8643	3249
8227	6847
5985	255
3171	7912
4471	5150
7927	3051
5400	7028
6290	9482
3770	10322
681	3268
5030	1080
5554	2434
6135	11522
9358	2984
3403	10012
9569	3021
9940	11255
12612	6236
5285	4126
6094	1255
9639	1195
5867	8338
12406	9853
6867	5219
8457	12022
4747	7586
4114	672
7501	6229
374	12038
899	1600
11124	843
12077	5447
10817	2229
4151	8329
12114	8009
1418	8369
6589	1711
5707	890
364	7249
2835	7757
9434	8084
9269	12122
12227	12286
2394	10489
148	12049
2234	7134
11778	2277
10880	175
6938	11390
9746	9786
9484	1409
2708	2019
10471	669
10571	4826
9684	406
1064	8279
5695	611
3670	7033
441	6638
10110	555
2748	9028
11990	5732
10158	9517
8122	2023
8142	11858
2392	3984
5197	3504
4580	7190
11860	6761
8483	8557
4390	1545
9069	11685
9143	3062
10335	1799
8473	8022
6403	1832
6169	7924
12700	492
2317	6796
2966	4895
8343	299
10678	7005
11396	12361
693	4385
4677	8318
12430	11095
7004	3619
471	695
11106	6409
6468	11471
10342	9802
5794	2427
5888	8475
12547	10958
5560	7464
2788	10000
8335	9140
2363	11490
6475	9390
12389	10047
8885	9170
646	12114
1749	2794
12486	7057
1564	5930
7985	6660
2127	11030
9161	9840
10929	8162
8899	10453
2994	483
9164	7771
12863	5313
10343	2144
3577	4176
12705	11540
2798	9342
1299	9833
10663	4184
3312	11023
4024	8800
174	7557
11761	4554
3191	3129
592	4000
5371	5086
717	1935
6242	3963
5463	5664
8714	5334
2494	1522
5134	6128
10555	4154
8466	5601
1633	4364
7525	11546
5666	6999
2585	11754
10805	548
354	9753
399	11723
9336	3047
11115	1006
3394	919
557	540
12794	1829
5679	7373
1120	10962
10572	4873
10675	8438
12525	10843
6250	10354
6870	2844
958	9788
11871	7355
3352	1110
941	1305
10169	9741
10173	3908
3979	7330
7698	10859
8730	4766
10152	11145
2463	10566
10135	764
13003	2558
1147	1085
11564	6022
10014	8730
920	507
5532	6869
10190	3069
12596	6320
4199	9956
2581	11603
7769	3461
1628	5643
5094	823
11320	3776
6659	7083
6753	9723
10945	10945
8825	4678
7687	6245
5984	5622
9984	4845
10841	11811
3431	2975
107	6781
1385	3337
11489	12345
6528	6200
7226	12277
9787	10545
10191	6614
10463	122
12212	2509
1461	4970
337	12365
11309	12396
9020	8415
9741	11696
9756	7224
2233	6998
12812	6807
6734	4040
9094	1196
10914	8979
7247	11574
6410	10318
10143	6806
1720	9718
5353	11270
4996	5938
6757	6604
10082	7473
5411	648
5681	2566
12686	6908
3378	10999
6496	8915
6624	10764
4477	8345
1267	9663
10779	8796
1722	7450
9997	2127
3074	7396
12145	5712
12902	8501
5376	6277
7615	4273
10993	2103
8465	6523
2058	10971
8209	10351
8168	2185
999	109
1973	10807
8711	3143
37	4909
4510	8419
64	7063
11154	1432
12460	2010
408	1892
12596	8281
12500	11577
6439	12263
11246	307
3037	4351
5624	11611
6837	4446
12269	3836
4856	4612
9937	2489
4211	11852
635	11153
3133	5460
5548	1596
6274	2386
12377	2912
7768	11725
1140	8362
131	12167
9679	678
9924	6520
3218	3034
5442	2398
8012	3823
5630	8066
11457	11869
9315	5113
9267	9944
2745	7719
2148	3727
7601	2335
11627	2087
159	9515
6273	6142
4834	1494
5176	1932
10836	9422
2751	1719
11706	5257
10758	8127
11431	9416
433	9117
5048	6715
1821	11382
6143	577
1453	9175
3939	5342
8246	2110
12677	1908
258	2972
1019	3253
5652	8159
1279	2149
10171	5635
4781	4479
2907	7979
4258	7314
12082	8989
10393	3122
11037	2680
2927	2608
1228	2919
12909	10591
4886	1135
5956	4526
11161	9999
5976	11455
12245	4505
285	5140
9858	8667
4485	6767
3904	3093
9134	8365
10944	10081
9587	11327
4427	3049
3788	10818
11096	10516
2613	2425
11284	6836
3610	11070
9534	6359
5433	5947
4109	10789
7871	2301
9471	312
1689	10140
12350	4904
8647	11122
4556	473
11766	9547
773	8774
12833	10794
10972	2864
368	6763
550	8706
3233	2133
7573	4104
7278	4723
10509	11130
5120	1745
7564	11202
10721	9250
1241	9419
2195	1803
10855	6874
2442	509
11879	6003
2264	94
3561	2182
5157	1581
3004	11508
12041	8532
10216	253
3067	6397
9758	8641
6285	7420
11907	11009
6287	8096
12766	7772
11093	6737
8530	3353
2817	4538
230	10564
12508	4073
4729	10233
8399	5850
1060	2613
4273	1648
3667	3413
12453	1517
11162	4331
7358	5367
2958	2961
2575	6568
12467	9320
2137	2323
3081	1165
3455	8503
12501	2469
10192	7847
4274	1034
7386	11135
3400	1179
4247	8927
8737	11452
6179	10588
12775	12135
12637	8848
12606	2447
5861	11261
12791	8335
3666	6303
3217	2538
4297	10166
2650	532
6400	8278
3787	7218
4767	12149
11923	5959
3196	3167
3598	10666
4806	3160
5248	5830
3141	7581
5643	623
1277	1862
642	8941
1945	6812
7742	7408
3242	1128
8193	10464
3799	1873
4627	6829
7464	2860
1341	7649
6765	401
7242	641
11257	6250
2641	3954
4482	2640
26	4476
12602	8173
4563	8292
7167	9328
7476	4568
4888	9794
12039	7234
7404	2155
7704	2893
12647	1579
10390	10548
10942	3111
8391	9807
483	11902
10448	5190
8639	9329
11773	2552
1540	3934
2281	11387
12919	9273
10837	8456
852	11411
3481	9156
7333	9055
4583	5814
7276	832
8924	9107
3184	10502
9730	9169
5929	3764
6352	360
12122	8879
5151	8708
7309	7091
4646	41
3872	3921
1813	1250
7402	7604
715	11863
6318	1813
9740	8596
5372	6725
6058	5951
1691	1512
11950	7284
4157	3574
10633	6363
88	10861
7393	10881
7473	5974
2242	11350
866	58
204	6119
10019	6832
3359	7337
3626	3387
5620	11733
8522	11798
9523	8421
1273	5584
9066	535
9073	11068
3387	10757
7818	8752
10178	2785
1164	528
7442	3459
12291	3497
4860	6996
5219	7618
8010	7644
1802	10817
8873	7605
12133	9091
4789	4544
465	4177
5004	272
4885	10086
5544	4521
7602	1099
2343	567
1137	1821
4162	4993
12066	3301
1769	2748
9125	9877
2111	1944
6861	385
11400	9823
12584	2356
8865	1348
12190	11553
10661	2305
8300	7630
9430	1246
1410	7895
9720	4981
2482	2211
10781	5335
2167	9462
11391	10798
2423	2963
4177	11367
8880	160
4436	7277
10684	4439
11044	9006
12180	2603
7704	12042
1956	2291
6184	9204
6447	6148
9176	3263
10333	6015
528	11565
7397	5946
1315	11244
5908	9014
3080	7593
12037	12157
8051	9504
2811	2038
2328	11615
2618	6104
10346	1855
9954	8275
5375	8689
8936	1681
4928	4230
12433	6332
5328	910
4904	454
4359	5637
8475	7135
10603	11025
1557	8949
10372	8481
506	8830
1572	1347
9021	5017
10771	1983
11032	521
10699	11383
9342	6700
8983	10454
11617	6069
5785	7850
3545	10897
9601	11110
1343	1049
10360	6365
11141	531
12965	3158
5938	4777
5140	3126
11075	8833
10198	2757
1211	10577
6643	502
5610	3132
8375	3740
7159	9308
1607	9714
6964	8978
9483	5929
5028	10144
2490	1102
11247	7082
3820	12233
6506	2044
3662	2293
8140	8233
6415	1245
5472	2964
11456	3754
4591	5844
12946	10411
8017	10155
10695	12354
1012	12261
9724	4225
4065	11906
3183	1630
6527	5181
8309	11591
3954	11624
401	310
9930	9356
95	7504
1125	11855
12659	11784
6504	10317
11995	8347
6611	9230
4148	8849
9000	6279
5374	5091
3587	5473
1294	4297
8039	9082
9878	9315
1456	4623
8031	10560
12448	113
4595	5674
3456	3137
12695	7131
7767	9565
5517	6769
9767	8568
813	4791
5722	4662
11799	9721
12694	3488
210	8935
10036	2390
4753	10519
8627	4847
4093	3790
11616	5096
1142	10865
7117	1063
9110	11233
3747	9821
1056	6923
2996	5036
1940	12341
2204	2513
12094	2080
5982	4155
4171	621
2524	5789
3557	2264
5212	9306
11857	9558
6240	10239
3609	6067
4404	7004
10532	6046
5995	8792
4599	7688
11803	11917
9027	9103
568	7496
3298	4345
7964	12389
2505	4438
12183	8143
4220	8311
7567	9102
4483	9093
7507	5204
3416	5673
12681	5145
9456	3053
7904	7704
5857	8391
2074	2452
8366	10225
144	10805
9731	8914
12327	9671
12636	12305
7688	11492
2139	6799
6450	4955
7603	1698
3257	12109
3341	5079
5726	4762
1995	1860
2891	11373
3737	11747
4870	6838
12063	11856
10625	11501
12427	11822
5207	6573
6228	2294
10117	8147
3464	4296
9879	6433
6994	6641
1083	6880
7236	7492
8377	1487
11380	679
11152	23
7271	10772
10261	3311
7806	6189
4525	6685
12600	10735
2901	7238
1929	2594
4369	3671
2855	2862
12793	977
7891	6780
6543	3648
1192	12200
11608	6154
9489	11809
8356	10046
912	432
10511	7469
5179	2874
4096	10072
4915	87
10147	3027
4106	10646
6712	1027
6854	11196
8923	3075
8982	10608
2277	3177
1157	254
6215	6628
4069	1657
3542	9703
8771	4056
8455	1002
1363	5519
1850	10761
6482	3771
4560	1372
573	11787
4339	5339
9048	12170
2374	8670
8852	5258
6561	946
2044	12391
10727	11638
4061	7048
6725	8221
10236	300
7184	5148
1798	11192
10629	2251
12102	6992
11117	345
6401	240
7764	10020
11779	3332
8487	7454
6843	2536
12967	6326
5981	8298
582	947
7758	11351
3559	403
9880	5644
7339	4367
3611	2793
11319	1155
7268	9486
3358	8649
5904	4917
11930	5009
12761	9478
12707	12051
6145	11499
12820	6362
1282	11890
1679	8056
5489	481
4372	477
11674	10437
2540	11195
8972	4771
1795	1676
4651	10609
2629	8598
4812	9024
7536	10828
7136	6361
2573	8505
8478	11141
3401	7571
116	992
5863	7081
7516	11162
5096	1511
10399	5687
4429	10872
9107	8925
9489	6465
932	135
6198	7479
6159	6664
3370	8301
4522	6047
8149	5390
4492	7533
5470	3792
7799	3722
3186	2980
10296	9748
6230	8306
2508	8761
10530	3291
7986	3570
2290	8873
4447	10906
5098	7868
9390	10855
4769	1521
1694	10851
1526	8486
11153	784
8855	9888
7336	3571
3975	85
8603	8660
4540	4262
9900	8413
910	10526
2121	11412
9634	7175
6763	7055
4252	5311
7361	1235
3400	3265
12106	11302
23	10768
9544	10443
1148	2706
9033	10864
10776	11826
11375	6174
12715	8602
1093	1554
3266	11805
10176	11532
12373	10834
6909	9026
3472	11378
11634	9791
3102	8229
9339	2440
7865	5415
2266	10935
10576	12388
4693	2001
4452	7291
8815	9894
6749	4897
2554	11226
3417	5270
2007	7080
9973	8958
6977	5469
675	5530
13033	7565
6634	10689
11817	1838
5286	9686
11653	6532
1806	1525
11581	807
214	9606
5862	6443
1161	6546
4416	10690
6887	6795
11442	8280
5214	6458
11328	209
6923	7150
12305	4175
4751	10484
9706	2983
11809	11235
424	295
4977	4270
7423	298
8164	1452
11268	7360
7592	6689
10391	8668
11109	12239
4848	1377
5718	702
8518	4180
5578	9225
10712	5292
8378	6822
2239	8961
8734	6241
8809	826
7293	9192
1767	10314
12057	11984
7620	12131
12376	1582
1216	12033
7629	11587
11171	8110
11213	3849
5308	2412
6083	5209
3310	7806
5045	9525
1121	4215
742	11800
3492	2660
9561	4307
4909	2906
362	7118
6684	980
11945	12064
4710	1655
3453	5738
11189	6539
5425	8963
1205	3706
2378	3003
367	1680
736	10039
7406	7903
794	3071
7209	1202
8334	12318
10640	11582
8310	6793
9917	7521
3694	10520
9658	8073
6146	559
2109	281
3646	11199
11492	3306
12254	2288
9904	9785
1214	3658
8900	2841
4835	7580
1516	7890
5044	2299
5518	1387
13018	4726
1603	1007
11031	10459
3284	10871
4032	9423
67	6792
1965	494
3584	3975
3353	4545
990	1835
9844	1844
9907	2546
1409	9733
12482	1017
3717	3058
10492	10557
12382	5893
6965	11804
5801	11342
9753	7700
6748	1981
4152	5864
9799	9231
286	8214
11870	8032
7027	8696
10512	3555
10604	7484
5062	2897
1638	10125
165	3321
9999	1182
9455	4166
11611	9016
5238	6110
9258	1665
5522	1586
12277	6872
738	2239
7012	6684
12892	6350
9550	9797
9413	3942
3474	5963
9233	1881
1502	10825
5492	5192
5573	5151
9170	5541
4122	11251
1862	10367
4993	1904
7940	8435
9626	7142
11334	5320
6016	12368
9508	7954
2200	200
2152	4586
1624	10802
6547	7878
2283	8932
9199	1005
9788	1574
5917	7728
4407	6541
554	959
12193	8014
2236	2512
5347	554
6847	2882
918	9907
2413	8818
3972	10684
11988	12083
5510	12186
12445	294
939	1602
8258	9817
8323	1553
3870	9918
11010	9053
7821	5598
10322	4834
6259	2885
8996	10087
5417	7123
1716	8024
8698	234
7195	10297
12033	710
3148	2207
2586	8711
2050	7046
3488	3970
3411	4680
2306	10433
5803	7997
10711	1758
6615	9874
2860	6278
7846	2042
10446	10257
7401	10262
9848	10790
10526	10650
5494	11673
3817	7558
12517	2913
6111	10808
2390	9302
8777	2899
12438	10687
8651	1493
4952	4272
5786	4316
7042	324
2679	20
8922	2255
8823	9747
7869	4624
11358	2734
12451	1721
8573	7773
8453	5331
3677	7677
10193	4263
9656	10360
6990	10929
10040	8216
594	1096
8020	9124
1088	12171
5117	802
11259	4954
11261	60
8121	8860
5009	1323
2513	4828
10344	1940
8272	2577
10631	3248
5754	3307
620	1534
4671	7910
682	9341
4788	4121
7726	7044
10469	1729
1876	1548
8537	8377
1844	4584
7344	7775
3565	4953
11974	2815
1184	8881
8914	6312
4282	646
7253	9392
907	12334
621	5555
4742	5171
83	5516
9194	4608
6331	6629
7497	7870
2737	11048
11337	8995
12831	1257
2522	7998
9147	6115
7836	7678
11065	5834
11140	3320
1801	6448
6309	777
6875	11034
10027	2316
3521	878
2302	3351
1239	6588
709	1405
11425	7575
3480	10892
2315	10094
633	4823
6823	6080
2228	7248
11091	4343
9595	3250
11120	3229
7810	3350
11331	1636
3570	3206
4803	6256
8418	5660
8114	10691
3174	707
1226	8063
2147	11493
9372	758
2447	515
10608	9382
3746	456
5864	8051
5181	9380
5594	6194
5232	463
12674	11107
10090	938
11917	3209
1434	10221
10000	4900
9150	7468
1760	12134
11784	3282
5727	9769
3036	7726
9688	7103
9273	7965
3742	4205
9908	10600
10030	11379
3170	3025
10541	9477
7125	4708
4468	475
7231	12124
8702	10295
10789	346
11552	11993
12959	10718
7221	5241
3722	383
3751	3830
2426	1687
1475	11588
10320	3999
11486	6915
3927	2140
326	12225
10319	1339
12364	12397
7853	1130
9392	12407
7570	6714
10120	4706
9945	2034
9771	9071
9714	8946
10315	7465
9198	7133
12351	11550
8543	3880
12	10857
11174	1542
5304	2905
7884	10527
9762	3485
3884	10022
11672	4852
8727	3977
12073	5377
11771	12357
9043	7701
1170	1307
304	10171
9882	8729
2707	1802
6329	712
6036	4060
12624	4674
1985	7120
4386	132
12940	4907
3200	2173
10165	9617
9868	4676
10982	11333
12662	3415
757	6033
135	5640
3657	9729
4201	12179
217	9984
12893	7306
477	2341
10059	5597
8947	11854
4494	2029
4287	3717
7578	8129
12459	12247
9538	352
1379	11480
7426	11758
4955	10398
12957	9701
445	5512
5598	11776
7873	1271
9653	3897
7548	773
11657	7228
1747	525
11513	10947
5310	10846
8668	5393
10761	11545
3364	11923
1051	5995
333	12273
4452	2554
9369	10463
1314	5792
6961	1846
8608	2429
4461	10677
7831	5628
5930	10419
6835	4162
11502	6595
8506	3277
104	4283
13010	3200
122	2297
9162	1236
12790	5845
10945	1731
11011	1899
491	9331
473	284
11976	4633
24	11523
5919	3525
4792	10283
2267	5596
4208	4969
8069	7814
937	9954
8316	5059
11533	3886
11454	7172
11891	3529
3705	757
10417	11105
11289	7047
9138	5138
5467	12011
10450	6134
10799	5650
13043	4359
8097	1143
8060	7681
9618	5944
5525	2162
2659	5416
13014	3462
5950	9544
499	5690
10394	6211
4680	9274
10696	5702
8762	6631
10595	8847
1512	2152
4327	3490
4793	9758
9962	4512
331	8184
8853	3718
1307	5139
4458	4209
6580	11084
7645	2071
7868	5168
10596	10063
6301	7262
7047	2436
9135	11767
11038	189
9854	5539
2713	5212
8158	1303
3379	1310
12830	8960
4613	8126
5149	11203
816	760
7420	1660
12631	10497
8949	5694
4517	4675
1027	4843
3031	12362
5810	5417
8397	8085
9054	2342
1866	10699
7383	10153
2404	2225
3009	10409
11330	6898
12307	6942
5759	613
8070	783
991	10348
6320	8519
6117	8699
8928	8144
12534	3239
5456	4445
12165	8267
10884	1575
6825	11028
10514	11132
9785	126
8179	6690
4182	3755
32	7124
10202	2724
812	10167
12090	3172
5571	2861
4590	4821
1857	9255
6481	8081
12337	11011
9994	7973
4675	12281
4883	6642
9959	6298
2187	7961
6251	11891
11946	11833
10606	6891
1853	4611
11181	6122
8263	12028
2057	9316
510	4038
6234	8778
1266	6701
4161	8416
1938	6461
3853	188
3287	9620
7070	3867
6359	5871
466	5105
2625	8645
11313	10543
4011	526
1119	2309
11982	1631
8259	7839
5736	4929
9683	10372
12487	11862
12072	9704
7437	9579
12680	2659
4728	5935
954	4642
8084	1817
5975	976
10313	2263
5611	3099
5821	7203
3167	8245
4975	3568
985	11979
6693	2283
11843	11679
1981	3375
8234	11952
2102	9031
874	9467
809	4393
1327	4396
796	6961
5778	10820
9658	6856
3837	3621
10938	193
6649	8747
7129	488
4934	4409
1629	3432
979	606
28	5432
3485	6528
10502	6434
1117	6309
4309	5437
5490	3507
10367	10635
1220	605
3448	10948
11015	2800
2199	4208
12713	5968
2360	3547
5190	9848
11717	10505
8507	8490
10398	9089
9800	10115
9183	8332
7267	11169
4633	1370
11576	6356
8934	9083
10554	2617
12393	11247
6877	6102
12348	5714
2001	2479
718	9526
9892	7184
12328	10620
46	12367
9723	9164
4500	9613
2604	8164
2308	3744
6713	9058
2868	2238
4285	11474
7183	6886
4457	11652
5947	6644
997	485
7388	565
9941	11810
4231	3957
4888	7891
9677	10944
5914	10431
10759	9527
7675	10100
9530	8723
8082	11955
12506	11879
4684	11846
6218	8447
1227	2146
12110	8204
10434	503
10534	7414
283	2273
11335	7795
5165	398
9082	3391
4990	10287
3540	70
1353	131
826	278
8636	12332
299	9130
8860	2568
5592	8443
9625	5291
12871	10091
1419	1341
4073	7756
8104	5261
7851	5147
959	5158
10278	1791
7407	10909
9235	3550
10673	10562
8023	8078
2143	9435
10935	1427
2702	11241
2061	4991
11765	10426
4444	8317
8712	983
11569	6686
2970	3168
6984	629
6344	10534
12274	7075
11052	9813
9045	1879
7909	5259
11332	905
11165	9150
7020	2567
10260	8956
7992	47
5575	9927
5485	7759
8314	9561
9524	1200
8708	8260
1139	913
8742	1825
1262	1330
1200	3882
11029	6244
7462	8210
10197	3650
12906	2407
1510	10088
5211	5068
3639	3134
8326	8603
10510	4916
3709	12328
1664	5758
279	390
6920	10964
7605	8461
12083	3389
10270	458
4881	11147
2610	1717
11673	11887
2639	5962
1738	6785
9685	10498
378	4583
10299	7655
5483	1144
12703	396
5549	10466
12392	11134
7990	8047
10872	8133
7154	6416
1623	9912
8672	1608
6092	5756
7302	9859
5837	2657
12178	3943
5641	3635
8790	9295
3180	10688
10122	5479
11390	1147
7641	4075
9389	10213
2431	5260
11939	5404
247	12141
12458	3865
5218	5265
10032	2669
8053	6258
10007	1772
9189	8690
3642	2673
6655	14
6341	5656
7739	6074
3547	10379
11071	10234
9340	900
2546	6802
449	4819
2350	4635
6381	6472
12306	3091
7152	5843
5268	2494
4248	591
4872	9199
12555	3640
1301	2686
1350	12005
221	1508
5020	4133
3719	6790
8229	726
12213	1150
11369	4535
5923	2483
8325	11977
10131	4300
12087	3079
11430	10418
12986	11831
8148	6212
5419	7422
7262	3203
5870	6609
2866	2553
7446	11514
8931	896
9711	2441
12013	3035
957	6311
2739	3791
6120	2505
1073	1757
7707	3386
11712	7351
351	1298
8417	5506
8156	11954
12199	8287
133	7717
9626	2839
10321	5465
5029	4190
1181	5533
12532	12079
12054	9614
8126	8744
8211	10586
3062	7132
12111	1816
395	2217
3938	8823
12564	11929
8889	9194
4639	10697
10565	10368
4938	2143
2346	7260
10485	5806
8570	5701
11998	6304
8569	1436
1684	10362
45	5022
1855	10168
11969	1801
6978	6285
3675	7031
7650	11156
11600	10994
5226	557
7198	8098
10018	1319
313	11971
9490	10596
7855	1391
12465	5634
11336	6430
5182	6504
552	11791
2248	8539
8516	3939
9808	8249
11196	2446
11796	2604
9920	1281
7179	2789
574	4195
12416	5076
8217	12304
1617	8739
7553	2033
6891	2272
4298	7693
9943	1937
9602	12132
224	10836
2449	6905
3987	8829
11201	5346
5215	2717
8753	4169
10542	934
6636	2602
5405	11659
5441	12237
8993	8508
3648	11612
6617	11074
4034	3874
2487	7905
12867	4710
7682	8303
8120	10829
7879	11085
3465	11842
12567	1734
7838	6706
7211	12137
5527	6677
170	6050
4430	5153
1906	6101
10355	1851
5340	3828
2034	2252
10247	6159
1025	5615
10605	9283
12253	8605
2832	10325
2396	8430
3222	6084
12905	11414
11097	1784
12862	460
3245	12300
11759	311
4437	9105
11157	10932
7614	2031
9667	4094
1324	9730
7546	4203
7723	6131
6451	6973
7208	1712
12417	9689
10271	4782
3934	10754
10050	5127
11899	9149
7412	2544
6807	6583
6459	10910
7577	2201
7947	3125
8593	7657
9955	7962
6500	6911
8785	874
9717	2662
6042	11086
8508	6894
5634	6570
5662	6813
1491	4071
5516	4745
4705	11150
2734	4943
1288	3832
8486	5002
3511	908
12741	10108
7059	2688
6883	2204
3980	11184
7068	2502
12315	11761
9244	8910
5580	3317
13035	3812
10020	8190
3554	3896
3976	11408
72	2365
10997	11561
11570	1024
1869	7918
9395	527
6339	471
6666	9865
7744	4404
5503	12284
1895	11541
10700	7058
7144	6202
11287	3664
3985	2000
2486	2307
4514	9938
10958	6699
2184	10891
12290	2797
12395	6172
7983	9499
9103	12078
7043	5773
11734	4250
9514	8297
10831	7783
1079	9746
2752	1853
12941	4786
3386	3314
280	8007
12000	9640
5390	866
12111	1198
3273	12384
4600	8593
10325	12196
10846	9660
3280	1392
9580	575
2665	7343
259	3399
12471	9430
12991	11773
5295	7369
6526	5084
10255	12231
2365	11625
12918	11491
11646	1524
8509	11628
1820	2875
3756	10565
10783	986
478	4403
11525	7909
5565	3505
12434	2838
11739	8220
10012	7985
2960	4221
10289	1689
4733	5508
1382	1325
7352	11796
1551	7798
12627	6803
3528	4160
5817	624
9942	8240
8926	5927
903	3343
10423	6567
1166	12003
11186	1101
8241	8115
7161	3392
1528	5039
12518	10982
2637	9783
10258	5037
902	4348
11360	11655
5464	5624
10774	5357
8625	5898
7370	4310
4338	5463
7384	271
11000	8261
11994	9030
10874	4004
3655	680
11045	5341
3329	9557
10037	5783
4588	3892
929	7588
7713	12335
9141	410
12566	9914
1207	8471
2151	11623
7621	9762
9452	3644
4222	10172
10545	11250
9818	10743
6408	550
2990	7743
8764	5891
7202	12117
5515	8763
1978	578
12067	747
4610	12211
1072	8152
9005	2376
11764	4854
292	11994
8350	1293
470	7628
6497	6293
12935	10399
6488	12207
1408	10604
1259	978
8287	4924
415	11401
1554	10337
2934	9402
7912	6756
8354	8041
4607	9142
1396	6679
5200	3118
2829	2643
11807	7136
6898	11289
3964	4779
10536	12296
4565	1718
11474	5372
11892	1037
9819	8919
10118	9019
6537	9299
7939	2726
3230	10085
8630	9134
11972	1364
2478	3346
8089	3201
8917	8315
9292	8236
11214	7051
4111	9088
4495	3591
4026	10065
5798	11999
5237	17
3517	1858
2311	4013
9465	5713
5844	8484
10048	10447
1970	728
5256	10203
5983	11347
1493	3976
1377	742
3877	4091
11119	8799
4966	8106
327	655
9839	5500
8760	4888
1649	4384
6762	4698
6828	3251
10486	1954
6947	1936
2191	8917
11102	5641
12933	12325
10823	3295
2883	9121
1549	2497
4212	943
3308	4589
7031	381
158	2176
1460	7673
7708	5884
8746	10773
9442	10177
1016	12143
1561	10937
4554	12103
11495	9594
4228	9800
12835	10714
8659	4088
5263	10206
6125	11997
904	11972
11630	3646
1868	3362
4935	979
7535	11775
3325	3245
12121	9508
10178	2804
8721	11589
5216	11823
8551	10217
7847	2832
177	2464
9129	10448
12221	5107
3039	9781
4132	5023
11452	5526
6630	1060
4008	5575
2120	6989
8398	8453
7788	1219
12139	1713
7580	8857
6108	8984
9233	2260
6256	8614
7668	1114
7418	12073
12154	1761
8195	11113
5646	11050
12895	9387
10420	1014
10453	4634
581	3341
9368	10304
212	11672
8141	7758
532	2194
8646	8035
4874	7789
12312	846
5824	2532
2089	3653
5626	9968
9361	3829
12843	5594
11787	9166
6542	336
3311	8422
9951	3567
12180	3628
12852	2585
3118	1385
12485	12320
10003	9818
11307	6400
8824	5451
12137	12288
6913	11484
1745	7612
2844	5028
7029	2886
1289	11416
11506	2728
9963	4132
8581	10501
6566	6719
12926	5347
12948	1449
10061	9805
12037	5767
2680	8349
11973	6075
7709	2466
964	906
12740	1535
4438	10858
6252	9159
6254	5977
10436	6372
1511	4774
3402	6731
12046	1946
10731	12031
12859	5255
12850	8580
6550	9011
464	4945
3119	4855
68	5551
2097	1610
4723	3795
2433	4407
676	3030
8192	2749
8373	3098
1687	11583
6305	9799
11825	4468
12405	12259
11105	4610
881	820
8913	7786
2812	11701
44	10580
6193	12009
9422	8900
10908	5019
11503	9264
1503	9141
10187	4352
4874	8124
7329	9456
12861	92
6507	787
2443	1008
4884	751
3818	3546
6349	2121
5320	11975
5677	7940
7740	587
10636	11647
2962	1677
8144	5296
6196	9825
10081	4688
261	5411
3185	2424
7340	7544
2827	1249
5920	2873
1923	9284
11698	9654
7607	6824
4731	8406
7096	8339
5177	3638
11802	8928
13029	925
9793	12138
11859	9612
3523	3288
9281	8562
1118	5446
3021	11119
688	3719
12061	1269
12301	4650
6956	10282
11726	2223
9965	5937
12888	10298
6529	7020
567	3936
10946	9909
10295	11129
3407	8957
9607	1546
5874	12093
9274	2511
7421	3923
3231	5238
12520	5333
138	671
1515	3276
8216	12350
11746	7982
10543	11299
260	10120
371	10156
6799	7787
4555	9562
6991	11820
5672	5793
2603	5490
9120	1113
10368	4408
3041	7873
9337	11237
6628	2665
3344	1444
4322	5348
9076	1965
370	6058
315	5894
11679	121
4063	3484
10664	7931
2285	10888
2149	3465
3940	5165
1177	6436
9298	2539
12598	5684
1936	8439
7243	11046
6587	3011
4264	4864
447	325
3309	7157
7474	9434
13000	5522
12404	9449
10775	8809
7	1710
11235	7548
7101	8616
10763	9038
11780	12128
8621	144
10042	715
10579	8547
4292	10396
1123	6127
4601	6621
5635	10455
3558	10078
3509	4980
2689	11193
6637	6423
6558	7689
5298	11813
691	10702
2640	2986
2873	2322
1805	6377
5638	1398
3771	3439
9322	8794
1189	9798
1066	4677
7648	850
1188	10913
12865	9972
5946	2521
5663	3802
8616	8466
2761	3166
6746	814
3211	9643
11132	2958
3130	6000
7387	9350
7424	7680
909	9777
3835	3625
4102	5623
6914	1273
3621	4021
10205	5826
5581	3110
462	4602
6116	4082
11555	11601
3541	10866
8306	3113
961	5024
5954	5327
7757	3449
10215	11949
11665	2943
731	4524
2705	487
3091	9032
7828	5440
1975	4245
10174	326
5168	552
12702	4707
11862	7683
8583	442
6970	4580
9394	8701
10951	3697
2859	3319
9158	10709
245	6413
12884	5880
8115	4080
4388	9171
627	5358
8130	1751
4351	8086
338	7529
3891	1380
4076	6566
2322	5577
5504	7506
9276	3456
10088	8633
2499	8784
6944	10230
7760	11686
8991	3989
4009	11898
5877	6561
10236	4961
10895	2810
5737	2214
12580	7623
1298	1591
10906	9281
10969	6841
6792	11450
3106	11907
9453	4131
1494	6155
5105	8412
5882	11632
722	12014
5159	10998
3206	9113
6462	11234
1312	2754
1741	3294
6121	2248
11872	6544
4778	1549
9805	2663
7354	11928
2519	8455
4156	11281
9964	1750
515	12372
2201	5395
10324	6783
8776	8462
1998	3269
4050	9532
6747	10302
2869	474
7234	5949
9476	7780
3013	5507
7509	1806
6779	8251
2882	4971
11072	7652
7379	7093
11562	9555
9487	9136
8279	8284
901	7000
12661	3885
7907	423
5414	4234
4665	499
6246	2169
11531	10315
11903	9737
5110	3779
3950	2759
6813	2317
8578	5764
10137	12004
12096	12026
6028	10625
9366	2973
2079	9661
748	884
118	4640
12372	4192
11571	11946
12038	7685
6355	140
2920	3808
4552	6201
7886	11056
10385	9481
10842	11243
6440	12228
7885	599
9502	8008
6458	10713
12913	5602
164	4100
3942	9776
9835	9193
4236	4999
10655	5895
9563	1410
6203	9441
6394	5256
2084	5504
9491	10811
3935	2857
6607	1153
2675	9479
7191	10567
2179	1637
3302	3937
11814	11894
11864	4482
1872	5750
2178	5727
5701	5671
5625	4701
3970	9385
7147	4116
6110	6262
11184	3998
3439	1258
8728	10082
1782	11649
12975	12044
6134	5433
9842	10839
9500	286
1744	10292
1492	564
10996	1679
4914	6768
12997	8072
7155	6723
7721	1275
9810	1779
1094	10018
3620	9415
2530	8004
8119	7428
6798	10812
10058	7107
4576	2907
232	3666
6668	2396
7190	4024
684	10309
10585	8273
7850	1854
6247	219
3531	4158
2921	6165
4280	9615
9204	2953
7274	3199
4981	1833
9735	9167
1565	1399
1345	6673
8810	8609
10593	3205
10183	8814
6429	9690
168	10487
2211	5892
2642	2278
4333	4806
3728	3010
5991	6903
1922	3124
11921	5170
10676	10701
4087	6708
6417	2940
4249	11445
9221	10293
12026	4700
12242	11605
4862	5819
9866	988
4169	4712
3083	4686
6677	6883
1948	8316
8946	238
6918	6634
6576	71
7364	1216
4049	6265
7214	1089
7362	5915
6221	11987
11485	10991
11009	6387
3890	600
2773	10365
1376	9368
10094	3680
7466	5616
8677	6190
12099	1706
7561	3262
7082	10204
12622	2867
3614	6926
752	7300
7048	4333
1023	2751
11743	534
7153	8639
8663	4813
5449	5155
171	182
12992	7676
6013	12104
810	2005
263	3855
9972	2767
5010	1346
358	13
9557	6559
10011	10045
3856	2355
9245	10145
4064	11819
2273	1267
4581	10921
7413	2069
12268	10953
4082	10627
1570	6191
11021	10138
11306	6445
9140	5924
11529	6526
600	562
9824	2745
1695	1087
10861	2742
7510	1407
11003	11626
11409	11200
56	1500
282	266
9596	6325
1677	7858
2002	11557
2494	8068
1399	6975
2229	8089
3657	4200
1197	12373
1038	4141
868	11738
11628	1694
6404	10779
11855	2456
1989	6183
2548	6936
11273	10908
9123	10985
1159	9602
1163	7874
10310	6383
9766	4125
11635	9123
3044	3605
1739	5491
6491	12408
10268	6457
8816	3516
1574	2740
11861	11914
11979	9546
10891	3065
5192	12347
1422	8065
8568	8387
5896	2060
4192	4286
11964	9837
6195	5852
9179	6349
7710	4577
10756	3810
544	3983
3859	2408
1931	7273
3113	2929
7139	2295
7471	10374
1740	516
10746	2035
5143	4140
6514	3161
8930	7098
9010	1229
2316	5958
12011	9895
7064	6844
601	3299
2551	4338
827	3474
1673	1800
5513	3022
561	4856
2093	4301
4159	7860
661	4553
593	5055
2518	2770
7313	1632
2630	12339
5797	154
12401	1503
8682	3270
3246	1506
6849	12047
9918	3863
12857	1488
1891	12019
8981	933
4474	1118
6986	5961
11987	8020
639	10244
9584	2079
6929	9198
870	885
11449	11697
610	8573
1411	1649
11207	12209
1333	12330
42	8972
7198	653
10507	4101
6695	6024
277	4989
7644	3457
5291	3163
2643	3903
400	3256
3725	2915
774	9127
6605	3607
2198	3935
6720	11495
6025	11461
4756	664
7639	4794
9608	9870
1349	5680
1092	12129
4366	6045
2181	4958
6211	3581
750	10117
6545	57
3882	652
6281	6135
1871	7747
9956	675
11970	12210
4774	7751
9314	1208
10089	7986
7256	4366
8657	2677
9157	4308
2301	2289
3327	5073
3926	9278
6682	7778
7983	10139
1021	6093
5777	3420
12218	5099
344	5321
6148	9952
8065	5776
8184	9358
8752	7887
3999	3724
9397	9539
10724	709
10473	2228
12554	7405
11049	8108
11755	2870
1387	2941
7018	1093
11851	11172
8348	8050
5026	4784
3739	9108
5936	153
7955	5094
10083	686
1947	5072
2688	4857
1539	12067
11510	3804
638	5853
2336	3663
3944	6663
6866	7183
7654	1301
6113	5768
2949	4055
531	6997
3690	4383
9378	12317
8085	7471
9985	3524
1901	6140
2997	2421
9399	1430
1547	3066
2794	11346
1358	8750
8653	478
3706	4964
8118	5667
8596	8107
6922	6004
7372	1872
4829	5590
1532	12376
8591	5267
7031	11460
12413	4051
6136	7980
12907	3004
11323	10725
11419	12323
8901	11941
6585	8727
9754	2569
734	419
9166	6399
2406	849
2636	6173
5059	7474
4092	8834
12207	2652
109	1673
7210	10224
9044	1302
4348	5085
9031	4520
10102	8434
9975	2244
10762	10333
5141	3688
9540	6484
11461	6565
1622	6204
2369	12081
4015	3446
4520	4944
7185	10847
9117	10977
10284	6779
6326	1707
2288	1564
3916	3194
7396	4212
9888	7606
7122	6833
4378	8165
329	9843
11928	1683
11754	2049
4667	1211
10072	222
11615	7403
3024	9447
4284	9155
2772	11915
4060	11322
4524	11008
11800	11197
11692	1615
3451	3226
4078	8743
11274	10732
4805	6253
520	9371
5082	9189
911	5419
3309	2666
3994	4874
10790	3980
11693	6842
9301	7737
5714	1367
12147	9236
9967	7567
1804	10493
10468	1145
5900	7517
8203	7876
11324	12293
12716	1767
4142	10914
2176	10508
7218	2450
4618	844
8601	762
1074	3753
8538	2498
12303	11515
2674	2348
1513	9881
6224	8608
10168	9554
9721	6557
11424	3703
7923	7561
6138	9158
9026	3196
12281	10387
6680	2671
9139	8874
1362	945
1833	6133
9790	7411
6546	11794
3959	3929
4913	11336
10219	2516
7164	4217
11298	4488
3210	3826
3385	9658
10218	10584
7830	4946
4777	4527
6512	3197
8941	6412
2030	8305
2313	608
3945	8656
5077	5801
3035	5645
9727	2901
6539	10569
11216	9519
1243	9450
11254	9182
2988	1324
8916	3681
9102	5910
6380	3508
3082	8499
11374	10488
1630	8000
5586	7419
9876	837
6416	8601
9646	607
5111	7162
6118	382
9575	4437
6715	11069
4277	8400
2566	1669
10738	9266
1029	2632
4128	9939
9657	10170
4217	11476
9404	11306
12188	11552
5495	984
8380	6925
11136	12386
664	2698
13007	1691
12343	2493
7280	3212
5595	67
7542	8201
8178	5787
584	6560
8442	5117
11535	10678
9319	7597
12366	4134
4846	8398
7061	11198
4036	3264
8962	7023
8396	11517
6128	12015
12763	6368
8415	2557
906	6582
3470	10579
2009	5993
3508	3109
9969	9521
668	10759
1637	875
1908	1199
1690	1571
4144	9605
9251	4421
4253	2401
4964	9540
4254	11836
9539	11799
6710	2962
4117	5154
5223	999
3176	2916
556	9713
10504	5564
4983	2939
11130	10554
479	3318
8461	11661
9480	7741
6881	2979
7697	3370
5897	9523
6972	10479
11036	4935
11842	6674
2681	10096
1579	3298
11565	1876
9101	5297
9436	8922
8166	11114
2720	11755
11225	4996
7835	6921
3092	7006
12347	3695
6663	8950
1717	4325
5319	4006
2779	7117
166	9625
5671	3674
12398	9286
6096	11642
11158	10719
7555	3876
7327	3123
3271	4395
2557	11071
8948	8336
5253	9667
10814	8637
6733	11711
1719	1185
7337	11985
8831	2206
1346	2998
208	2334
8811	9548
4478	2360
5646	11000
12653	6161
12678	8149
4700	10202
9218	12274
1903	8749
885	6516
8751	8646
6996	2043
1533	3221
8094	7722
1852	11159
11959	7946
4561	886
922	6598
2602	5559
1291	7366
2532	1966
9495	9588
2649	7610
9855	12101
8802	6694
5911	81
659	1519
2400	389
1448	8179
10682	9025
3651	6145
7670	6548
12320	2105
2959	2769
1784	9725
5770	5476
2506	2332
9823	3734
6504	12095
1874	6659
3638	2699
2470	10918
11494	9042
8301	10813
7390	9232
8233	3992
4863	2682
591	2098
2331	48
9409	8093
12342	2849
6730	7105
3535	2458
8629	12018
9498	556
12984	11479
788	5097
6104	9590
3898	4928
4311	1376
5629	6721
6638	617
862	10751
11469	7550
9380	6564
4869	1796
9266	6206
10751	10528
4570	11368
4381	4827
3828	7179
641	4033
12105	3824
7893	1162
4497	5354
900	10647
5998	2232
1244	9804
96	7375
12234	166
8749	10923
1560	3799
9295	12235
5284	6146
12546	2611
11650	5576
12446	4817
10251	3164
511	4181
4741	3238
11750	11730
2810	5033
6165	8607
10452	6008
12996	11392
4104	10300
6019	7716
7294	63
1735	11097
2750	12243
12743	11138
8817	11802
1185	3848
12611	10894
6905	10101
6531	10475
6367	9857
11155	7594
12316	12324
5431	553
11781	11369
461	8178
4539	9448
5393	6407
1666	8820
249	8872
7930	7572
11076	6246
4490	10050
2870	10216
12346	11187
12651	2218
10778	6607
4440	5403
2895	8890
3951	5605
3778	5778
119	125
8312	6751
6534	11176
10777	4799
1143	1077
2202	1132
7733	3189
3255	3108
10947	1638
6683	6235
10229	8808
1433	877
4619	2851
8014	2592
3854	8886
4097	2209
12842	9221
1149	214
4800	12091
9981	3136
8288	8334
7351	11459
11978	6195
2833	6704
4481	2405
7175	2242
5254	5518
9011	10241
10481	1578
10460	12166
8793	3506
2107	5054
12009	5458
2928	3060
5639	588
12560	4620
948	6113
4195	6318
8345	512
2560	5851
1033	10294
4271	9383
2100	4501
4794	10070
5969	8805
12898	8680
5973	4957
12872	6222
9988	2057
11769	11164
5439	9471
10718	5130
12543	10724
6620	8363
1397	3837
11831	11797
3412	7335
1521	6132
2128	11473
603	10017
4919	8139
6770	9466
5090	8613
9664	7796
10729	5983
84	11801
11837	10633
6201	7646
5388	4667
12928	10270
1272	8702
5152	5975
856	1299
6411	479
2864	9852
8427	11658
12972	3857
11849	10077
9718	1766
12468	9332
2080	3736
3214	1028
11343	2696
3097	11224
4330	5048
9640	4643
10752	10492
9060	11793
12942	245
4267	12251
6059	9755
1735	5032
5046	7761
3862	6884
8619	7797
8554	435
5002	7963
7495	6214
7036	7875
4069	8529
12825	10452
3710	6556
294	374
9572	4202
10371	8951
4695	4441
1473	10146
3022	9947
7145	11307
5693	594
7840	7147
3261	6493
385	4671
10907	2703
4318	10460
10359	1252
3567	11360
11371	11229
2783	1614
5988	7026
2492	7071
7858	6340
3038	8134
4335	960
5102	9811
8615	10232
5997	8986
3281	1176
4516	4266
7559	6966
6332	12308
896	3642
3863	7015
12644	11287
486	5535
898	5546
3474	4865
8319	6180
8940	4453
7052	1393
7889	11055
12491	3668
8330	2792
5051	5666
9833	9258
5872	6860
430	2731
1648	1133
3088	5669
4626	9197
11236	1666
2562	11786
10839	1019
12587	8148
7104	10573
2140	6658
6174	6459
543	11905
10687	5914
2282	4658
1242	956
875	4347
2183	1400
8074	6162
10402	11865
9895	3494
1539	6299
12738	10776
7347	1958
12824	7744
12391	7510
6773	2474
2743	8058
5838	362
690	5224
2209	4168
5487	10060
2461	4063
5782	916
209	9502
818	2763
7789	1129
5054	9151
9505	8541
7299	1095
4893	8577
4414	2676
11583	7065
251	651
4341	2788
11190	12370
12014	4522
12034	7446
3160	1834
802	7714
4830	3533
1842	5782
1571	7803
6976	560
3993	5288
6045	10482
4140	11675
8968	5545
10571	4260
3599	5762
6474	7832
3875	8192
7800	7659
4953	2237
11173	4742
4963	11663
5715	5828
11366	2989
87	4174
5974	415
13022	5234
414	7279
9206	4951
6846	6562
1472	2942
1275	7263
4105	6392
10742	1969
1329	1086
7612	4483
7759	9680
3785	8528
5894	9989
11311	9008
8171	7844
7494	10659
4121	10208
2186	11334
7279	2908
388	2774
2224	10090
9566	9969
10154	10653
2969	7819
8841	10412
13046	8295
8812	10186
2083	8537
7941	11227
11341	5670
5618	8615
2299	12097
5964	5422
6989	5374
6249	7472
4233	3304
9541	10876
1006	11529
6692	10037
9470	12240
7820	9520
3085	3916
10796	3925
2536	2598
6525	7318
1710	3542
10913	9066
4714	2067
10361	9287
7547	5106
6781	5755
2726	12215
4326	6403
1959	9495
7015	5868
3707	2847
1469	5015
7246	6351
12168	185
12375	3705
1331	1064
8640	11960
992	6932
11251	5784
7575	5401
9462	7568
7585	10960
12008	2685
3794	5835
6723	4915
3807	9814
3869	5152
4663	2362
1245	11613
7997	5911
9944	7017
8463	9917
2256	10119
1144	7551
776	1321
11122	2806
10760	6345
3743	11465
4718	2791
1847	4975
1118	10558
1683	11268
8681	2148
7077	1809
11868	3807
3046	1312
8539	11925
9458	5631
1756	4099
4113	3627
4207	10656
10835	205
3034	9240
320	10380
700	4416
9869	5200
11082	4542
975	2523
10388	6918
6932	2735
12175	1094
10442	2370
6993	10824
8772	197
9019	3871
2857	10742
11480	6440
518	6846
6257	9205
3366	4143
7894	6343
7557	5960
2950	10863
6105	1929
7929	74
10915	10930
11095	1104
9209	4400
6098	2779
5779	8884
9145	2313
10940	10904
8308	6871
2040	30
3661	7715
11700	11109
12789	9838
6412	1001
6360	8045
2939	7645
12400	11063
12990	9981
7801	12035
4621	2510
8476	2361
9775	3730
1549	5612
3457	5368
7187	5349
12599	11695
12322	1254
7201	687
4016	5397
6088	2486
2517	4382
4290	1036
5995	7383
485	4503
791	561
8546	5808
7608	6218
6464	3440
13015	1754
8787	2131
11043	4328
4090	7088
2063	12404
4704	11743
8365	6335
2084	1033
518	7037
3730	7129
11465	11803
137	10251
4216	10478
4188	1320
12558	7317
10689	6
7260	146
12792	7631
12649	10903
7310	5996
5781	9990
2468	12311
7756	8816
890	462
2246	11610
7328	1714
10177	6843
10305	2213
5404	4730
12477	558
1575	1470
9764	4694
8610	5016
8531	1131
3760	9425
4439	11205
11840	11230
876	6503
7703	5498
6571	1739
4355	9819
8410	4941
8305	8348
345	12348
77	8812
3195	536
9488	8905
7431	658
10045	4805
6669	9379
2393	12363
8560	2
4653	5305
296	4043
10408	7121
2329	3938
12693	9468
2174	2236
9396	3868
8606	9734
2827	221
8915	93
10513	9277
886	4228
7624	8246
6052	6696
11232	4715
5401	8380
12381	1840
7568	2508
9733	8737
6122	6328
11325	11764
1535	7256
7506	12096
2556	2383
5539	10327
9554	1645
101	7627
3239	897
2094	6821
3458	5562
11191	4454
10133	10952
10941	7519
11194	6509
4153	12337
31	12255
6860	2522
9332	3869
5633	11596
4694	4292
1063	9773
10136	8488
7558	11895
9353	10783
4801	8428
6697	9597
5451	10821
9486	8296
1039	3548
2364	8569
9757	2634
357	5863
9933	3183
1217	5945
4331	11168
7264	11442
6718	2282
864	7845
12049	1318
7255	5781
12885	839
8297	9401
7438	11609
11146	3261
11756	7126
8298	1565
9024	5330
8759	743
12493	11062
9109	7540
12540	6914
6564	9440
11873	4578
1351	3813
10645	206
5471	8213
10396	9736
9333	11026
3511	8227
2235	2950
1490	3636
6574	6268
2565	937
8225	10384
4442	3202
9946	7087
5222	7402
3825	4030
9009	3191
2355	4807
12597	11180
356	10416
4393	5978
3188	11218
10984	5888
6039	1300
1734	1332
4256	8631
6549	2937
2493	753
112	12264
7973	6775
7434	11581
7774	10692
10253	3528
6351	957
8459	11158
90	7043
13001	8465
12516	1416
10693	4765
2068	4870
10213	12195
10991	3537
13025	118
3430	342
4165	7463
1836	12310
8467	2072
8436	7251
10107	2931
1443	6954
8945	8371
10800	6800
984	9864
12519	4850
3070	4510
6670	1239
12470	196
1702	5606
7942	4369
10624	3759
402	852
9655	4606
12802	11282
12728	9507
2276	7274
5343	8130
1899	765
5410	8161
6373	3086
3318	10967
3755	1561
4529	12260
6810	6591
10524	11650
6430	1
4419	6478
8470	1220
1595	3772
6133	4378
5060	2250
6100	4153
6357	7855
1751	6228
1712	9749
7736	4669
10794	6001
8170	5319
2098	11311
6769	9426
3606	3634
5712	5223
6263	6825
9829	9257
12476	7243
1049	981
268	10895
199	2747
9427	1066
1445	10311
467	2385
10933	8441
7890	3169
1478	2321
12807	9270
10245	5426
6509	6078
10954	7062
11708	714
7205	4840
12206	8970
8320	1344
11300	5737
2711	3531
12562	4066
7593	11146
6172	5527
4056	10201
6178	1794
372	9463
616	7527
5399	3458
4657	7186
6664	8322
7193	2642
10975	4718
8600	1848
9363	10188
11575	10951
11160	9831
7534	11597
12808	3961
3928	6691
10806	6814
614	12217
10392	2650
4242	9943
7037	5696
5901	9411
2031	517
673	1465
11427	7777
5823	5467
2564	2394
4783	3481
8757	8138
1098	1159
12376	11291
12801	8414
9864	10786
10153	9021
6864	6575
6209	1675
919	7518
11994	3739
917	4254
6457	1280
5145	10504
8370	847
12397	1480
5267	8871
215	2578
889	5532
7572	8189
3014	11058
4931	10407
7888	7900
7478	7181
775	445
12746	6707
5058	5704
762	6787
8726	3340
4371	8733
5225	1123
8748	10491
2473	4452
11467	12390
7937	3302
6888	3121
12338	8522
5003	2827
310	989
5640	1814
4250	6118
3956	493
6568	6456
12578	11778
6004	9353
6805	10376
11197	4798
8826	4972
12335	10083
5883	6589
9789	3838
9294	9822
6544	4349
12050	5104
1291	11254
3846	1839
8953	8454
12521	8997
12369	4596
12974	3512
4857	9528
3623	6141
2816	4714
3140	11157
12595	7818
6521	9670
10768	3029
10157	6646
10057	11918
451	10161
1870	3707
2529	5917
2831	9664
12490	1515
13019	7578
6916	8851
11408	803
4449	6450
6454	883
4506	10369
5562	6013
5746	8498
849	5882
12924	5889
10597	6518
11148	8492
8503	12139
7970	6496
3104	5966
3095	11117
10159	2435
6911	2695
7815	9642
10246	5459
2420	11880
11193	2314
2389	3028
2221	2910
9611	2011
9352	4148
1413	12163
9701	267
2717	2025
11561	9475
12070	1276
5042	9152
8535	49
9603	5560
5106	11082
2412	11683
5501	8156
5772	6866
6729	5528
4238	5314
9865	7925
9124	551
12177	7713
3262	8328
987	5103
1994	10966
1748	1627
12759	25
7073	9359
4175	11154
4889	12070
5507	8971
10589	7171
9089	4414
588	505
4574	827
6872	2491
1160	10610
5692	244
729	273
11206	11703
128	8103
1479	11719
1055	1628
5627	6355
7108	407
10580	6187
5756	1243
9704	1587
9522	1142
1045	12024
11166	5389
3392	10319
3832	9165
3809	12089
8448	12222
5739	4973
3949	2507
2823	9844
6292	12063
2062	5312
701	9200
10688	10676
2733	9826
4541	6722
8290	1726
1373	2639
9780	4167
1827	9589
3299	10183
12566	7185
435	476
10670	8764
3593	11511
1631	4949
695	3008
6460	2771
2171	5462
11906	6025
2173	5710
6024	6404
6925	4515
8117	10771
6855	7305
12374	8785
8550	7222
9016	5943
9437	1747
5859	9815
420	356
5251	11951
6142	3032
3514	11064
2067	5969
2945	4350
2075	7889
1608	9629
10378	5731
9393	4417
11858	124
5469	2694
11426	6944
4699	9583
4548	723
12639	9766
9014	10371
12667	9899
10672	5557
12729	194
9856	7869
295	2076
7422	9048
2397	2222
1231	6623
10567	1164
1429	4112
3279	8183
2132	9457
1081	1558
7678	5990
3821	6852
3389	1383
5849	3541
11024	10199
85	853
7732	3955
265	1507
9604	7852
9192	4666
1251	6270
2035	11513
8713	11326
12776	5997
3426	4796
11707	6012
8678	9307
1809	4318
12929	9209
9912	7207
7170	2050
7827	5548
4593	8015
1368	8677
6208	482
1391	3801
3293	5471
9852	9412
13044	10641
5696	3408
630	888
12028	1356
3475	12403
1669	8717
5079	11964
3652	4564
3582	5186
1359	6336
11180	7255
12930	930
3053	619
2685	2710
12691	4204
5749	10408
982	1290
9886	1134
8498	10468
2699	3645
13011	5183
12896	7687
8273	11163
5806	8783
7635	11974
6167	6339
7502	4471
9676	11584
4323	10410
2445	982
10808	11966
6413	11735
11898	8888
9961	11751
3380	6527
10224	1920
11980	7735
7181	4756
8652	7174
11042	6470
782	7614
1447	3864
3418	5558
5242	4594
2664	11065
11342	5021
9449	5318
5076	1915
5953	7213
3522	10535
11407	8025
6372	3412
2815	7429
7874	7520
7224	4932
8871	3361
9698	2002
6177	717
8236	8049
3194	12156
10290	11707
3860	6291
2082	7430
293	6334
6651	2022
6903	6624
9075	4035
4726	6931
8528	6742
9067	3224
1222	8703
10876	7151
6954	263
5155	10089
3897	11716
604	3540
9364	2761
2066	5089
9624	1088
12262	8061
1097	4306
12483	5371
7583	7907
11730	8924
12371	5900
4732	2869
11934	8682
8805	12309
3315	10799
2018	1103
4410	10427
10787	8644
2887	7542
843	5991
11724	2014
11462	1815
2263	7194
10047	5497
11539	7556
6778	1989
11607	6491
10851	9608
2710	8665
3026	6840
3815	9924
9620	924
11270	497
1588	5088
4972	7864
3991	3083
276	1333
11094	7169
10116	11213
7114	9600
10441	11296
6076	3115
7859	11489
11909	10597
8973	8877
1032	12248
3157	10429
6508	6208
1101	8034
11823	2420
6652	8418
1790	11438
475	10925
2682	11372
4652	7309
12098	6730
8394	3039
12223	169
5673	11560
10220	4498
12619	5413
2913	4312
3000	8780
10113	5928
6200	10264
7778	4336
9115	6237
10918	9497
5087	4844
3198	7553
9230	10178
12936	11562
10850	7508
126	9633
7631	11604
8761	242
9212	4728
12915	10024
7887	4867
9909	7658
11534	4919
4638	2346
5963	5187
11397	546
2180	11410
11458	1768
3546	3444
5694	4064
9779	5000
9593	11052
786	5534
8920	2576
2709	11903
12697	1701
1082	1787
1030	1523
1984	4518
227	861
1566	2477
11728	5240
452	10061
3064	1716
10602	10071
7009	9965
9351	5067
7522	6978
6495	2925
10185	3544
1756	5025
7681	11182
988	7760
437	9573
11299	12221
11133	4965
10592	4679
12922	4838
8661	1998
7120	7288
453	1502
2385	10673
8240	6029
11233	663
10001	10490
943	1703
3581	9040
5650	404
4116	1974
3791	4464
6426	5520
5697	11698
12353	3962
3824	5441
1354	3377
10379	1117
1221	7236
12326	3798
2935	2678
10813	384
5306	9683
5687	8993
11240	11470
2981	2799
785	9829
2800	6406
6841	2850
11260	10682
6578	427
11695	6930
1851	1533
12331	3243
8352	4191
9307	4092
1457	9960
11694	4752
10179	6485
575	10267
12058	11139
10172	4808
9467	4886
12390	10015
6577	1315
12450	10954
7747	2584
1545	11857
12035	10525
13036	3535
793	3165
8976	8160
12873	8100
8576	11249
2853	9824
1002	5482
4513	8671
2325	8966
9598	2824
1432	4719
10170	11481
10149	9696
12968	3609
3120	8990
7870	6695
3216	11899
6831	6994
921	9719
5204	7
12938	6901
12803	4736
3635	9834
13030	7025
10163	11721
1548	4293
12019	247
5744	11190
12399	2719
10829	8554
12788	7264
4831	11458
10263	9810
5606	11668
4168	8553
5156	2795
1523	8062
2048	2338
3702	12289
8888	7325
7784	1337
8225	1830
9418	10148
7206	5266
9348	3181
12537	2739
8690	817
239	5804
12045	8460
12858	7461
11326	2890
1724	718
1776	7308
6662	8212
2874	6498
11648	7388
6998	12102
11345	11014
2845	9125
4662	3217
11838	11727
10553	1743
7743	3606
12925	484
5005	8875
2116	9373
4488	2542
10927	5695
6278	5573
2512	9407
2170	3394
9922	8043
7968	10730
6735	3723
8804	4374
275	11882
5281	1620
1313	4861
8511	4079
1594	11335
50	11840
183	8487
10713	5194
474	701
10748	9285
2893	5899
4431	1843
10074	8624
2225	9052
8585	10329
12324	11996
10151	4691
5748	8163
7560	6100
12701	7641
1176	4984
12160	11600
10611	2501
9070	8409
5742	8331
12539	3331
8269	400
1035	9904
626	5489
3578	11753
6772	3684
11606	3750
11867	4001
9270	9630
63	2184
434	10578
12765	6698
9803	9233
12616	3960
7689	10907
2122	1167
851	4660
10644	6234
7398	9347
4984	235
1839	7596
12809	676
3530	9207
1944	6652
1371	6505
2902	10291
3454	2347
12148	11991
7365	6743
2747	6097
2168	2805
6027	5967
2293	8027
10887	768
5869	3561
4752	2707
9501	4733
4865	9761
8106	318
8957	5550
3548	9787
5396	5418
4811	8691
5457	6927
8895	5626
12017	5840
8000	7511
3758	3227
2073	4036
116	8953
6226	9100
9463	720
7926	2368
4754	8864
3836	8704
5723	7235
2013	3815
12044	1597
2795	10941
5644	4814
12163	5854
4446	5484
3189	9325
11511	11712
1213	8510
10725	1759
1364	1340
1544	12297
6983	3335
6701	8358
9042	12187
8808	5295
10051	7811
8363	694
2740	8790
12103	612
3683	7097
9300	11829
8720	7303
5112	4860
5763	4072
6536	2529
6103	8651
11398	5286
5868	4645
12321	249
4067	3709
8544	2364
12914	4130
11846	11870
10528	1674
7956	11463
5043	12
683	6125
9100	1483
7281	3737
1672	5461
9406	549
3153	3746
9050	7385
12201	968
4377	4076
1619	8781
1941	5382
9247	9248
523	9919
6621	8071
8618	11102
2721	5428
6241	1977
6714	10253
3601	1455
5822	10602
1658	4561
11090	11108
9318	7922
6515	363
111	3356
10017	10393
11288	10875
10569	10382
10885	8036
913	10810
4969	7486
10099	11239
11352	8476
7461	11324
1129	2733
12939	2203
6840	12213
11567	9575
1536	3438
6818	6393
1919	6077
5928	967
5747	656
4979	8191
7963	11263
2372	10674
3420	7824
7716	2802
12156	11526
9716	7782
4678	11475
4682	5485
7019	9576
1199	2753
7549	3310
1766	348
1000	2480
12945	2645
9420	2393
198	11709
377	2054
7233	1240
2401	5770
3629	4517
2125	2574
6560	1903
624	11728
149	3819
9416	11143
4426	5765
7588	7582
7054	2381
5024	5353
5144	4253
3553	10157
12655	1274
930	2224
8676	5757
1065	1039
5619	4467
4395	12301
2628	961
274	10423
6639	10537
2296	7443
11920	5531
2599	7648
205	4444
11776	2009
11816	1476
6613	10680
7948	7416
11915	5264
7565	7951
5448	468
3697	2008
5650	8777
4822	10639
162	6043
6270	9880
8791	2151
2608	1388
7505	529
4441	250
8565	778
3193	1171
1953	8001
10237	3182
11490	405
3052	2253
8036	8205
5296	6126
12643	6366
11126	6483
10352	9538
9641	738
12097	6713
848	7352
5885	9638
9028	9809
2155	11274
8451	3094
9902	457
1614	9020
3066	3175
6366	11036
12652	11279
517	746
712	7275
1856	10927
8137	9795
714	12356
9049	1238
4365	3467
369	4265
93	1234
396	1861
9570	2540
12475	12176
8609	4689
10840	8675
10264	2422
7303	11554
7491	9492
3487	7945
4776	8337
2595	1031
5536	5230
8754	1044
11176	10594
11580	11645
6512	6488
8626	11691
2347	195
7134	4516
4257	10377
8919	10917
9644	9451
3861	11395
11643	7828
5498	8319
4237	1775
7511	6111
8887	838
8845	1071
1859	9324
9887	12092
6361	5445
9029	4123
11080	2888
12552	6626
12621	11293
7881	2871
10668	5730
9365	5658
5293	31
4062	4165
11172	6794
3726	2822
5367	207
3422	8751
2839	6933
12524	128
7330	4490
11224	9237
11658	741
6069	6922
156	9490
8040	12269
1337	2058
9822	8685
12002	12291
12368	10582
3476	1732
1459	7650
9203	4966
7610	2311
7762	3095
11078	10246
12270	6977
5315	4264
1367	6738
7490	8253
5230	6551
572	9323
8884	11066
4001	8254
11001	9157
1626	2687
9957	8765
4640	11750
10999	1194
9635	335
3880	11531
5921	3933
12288	5042
11501	5902
11150	3662
6437	2013
5437	10644
10704	12201
5986	4332
10838	8102
2647	6602
10622	9262
9883	1781
819	6401
12260	11080
7468	333
4608	7253
7628	12105
2715	7094
4134	9275
5063	1368
1105	6762
636	10028
888	7993
6353	8570
12217	7038
9886	5060
4616	582
5854	5278
622	12234
3111	327
8490	11236
2409	10840
9889	2570
5173	7212
6645	4967
13039	12395
241	6487
8232	10132
2006	1268
9866	8571
10962	11705
5931	1619
3892	7477
11203	5351
4995	10706
4329	8091
10821	4391
3156	11919
4363	5452
9285	9312
12071	7358
3339	2721
8827	12405
5961	9574
10127	7770
9738	10793
9359	5102
3636	3236
4054	10902
10701	9087
6316	5709
576	1431
968	1472
5326	11144
1620	7587
5174	7525
4849	8768
1731	4950
6187	4513
12224	5050
2762	2898
11985	7674
4795	8090
7981	237
2555	4556
3816	9081
1498	2246
541	308
3112	1349
5711	1207
2335	402
5427	1943
3333	5332
2024	8132
2678	2955
7597	6522
11066	4504
2657	3911
9447	4896
8349	7481
5429	4083
6892	7014
6313	2145
6265	10435
8112	11468
4892	8548
455	5568
3696	2495
2980	6736
1365	4493
1957	9144
8480	9946
760	10055
7803	11073
10363	7707
2162	9847
1843	375
10304	4029
8331	5487
12488	10053
3050	10890
3935	5796
5873	9587
9435	12343
12456	5301
9710	8497
3829	4402
1781	7409
10467	2590
67	8479
346	5582
2841	1656
5871	6495
10747	10474
2382	2949
6486	6637
3586	3602
9589	6090
5875	4486
3663	2952
1708	3973
6364	7607
12197	1509
11050	3131
4790	9732
9712	5410
10148	9172
5067	7947
12412	11886
3115	4960
225	9556
10445	3218
10110	11876
7694	8853
5432	7881
9252	3884
3449	2274
6156	5198
4272	3130
9816	5164
11880	4560
11275	11444
1700	1897
2828	7702
9065	6302
7149	4697
5247	7524
5412	6231
11121	6048
10679	2506
9960	186
6952	4315
1286	425
6399	11280
12237	5071
10697	3951
11100	5263
2216	1328
2351	1004
11476	7872
1255	3950
6244	11262
10015	9473
10033	4302
8563	10275
5614	2134
11314	5245
3813	8247
255	11081
4319	682
7900	10109
281	4196
8515	5848
10657	5290
7010	12380
10203	2164
5521	2003
1730	7424
10736	3451
5394	6885
12151	5932
10370	1112
10828	12111
10691	579
4582	4326
5381	9779
98	7755
6190	7270
12239	11585
7469	5387
12839	4563
3797	9191
5881	1901
2667	8193
1987	5049
1133	8918
7781	1885
5847	7067
4203	11693
10142	8907
7102	696
3316	6007
9763	649
1067	8574
311	5362
5597	1009
7226	10752
363	11866
4467	5955
6756	5748
9806	2581
3736	5607
9475	8535
7837	610
2488	4763
9410	9570
11604	6835
2250	2430
5158	10196
8733	8252
9240	9405
6253	5909
10281	9851
8392	8948
3826	8352
8357	6346
5380	11494
2262	1786
9517	7535
2024	11111
7816	7427
1814	9138
2326	3564
489	10440
11393	8424
1080	4224
8214	798
12387	6389
2910	4848
3075	5247
9826	994
11128	3988
9591	8396
9122	1540
9862	2226
4897	1518
9899	9740
3654	7281
9236	11956
2912	5517
1034	11608
5213	10704
12874	6899
2110	2349
5249	4652
9568	7970
4370	10603
1845	11049
5014	10054
5615	8166
4980	5481
1306	1068
6243	7956
11192	9322
2765	9364
6080	8136
11249	10663
5836	1175
3493	2448
2141	7266
7910	1859
4973	5672
11595	7361
5890	11641
3859	8135
8186	8617
2395	5561
2189	6381
5259	3496
7430	6951
11641	163
7301	5688
12474	2716
4385	8908
5078	2319
3340	5345
11828	5638
8571	12220
8191	3641
7085	1304
12317	11875
3028	8865
12478	8403
11361	4729
4768	3428
9092	10515
6345	6023
9047	6649
4308	6243
8221	11294
11368	4053
10501	9420
1758	4530
3855	6264
6958	11567
7359	8342
1384	10931
412	8904
287	11038
12040	11963
9669	4547
18	4997
5455	12352
9231	10032
2072	8353
3603	4128
11687	11006
7213	1555
6930	8
5318	9585
10357	8558
8025	4358
12531	10762
5833	3378
11019	5711
7228	9953
9609	8975
10283	1206
5512	3728
10871	4899
12685	6338
4170	9905
928	7078
10494	8044
11556	9702
6926	2828
1022	10529
508	10248
2503	2188
571	3364
2806	500
2561	11425
10529	8926
8776	9214
5119	8385
4945	4947
2303	347
7405	1585
11785	829
7638	1692
4798	8458
3790	11317
7924	12393
5927	9553
8939	4353
12318	4108
9278	2868
7394	6777
7504	8746
708	1526
4782	8013
9037	2782
6698	6420
2766	8464
12173	7095
4068	9604
4861	3419
11718	4477
8183	5800
11811	11178
3907	9259
4851	2068
11139	8399
4387	6511
2425	4685
1229	8145
4736	4780
12440	1790
393	1193
11008	9639
9234	11284
6625	11331
10967	11976
10939	1231
418	7602
11202	870
11062	5802
10508	9935
12209	10421
9980	12046
5543	11874
5415	9037
9814	4622
7991	3552
1987	4070
824	2551
2177	10278
7928	257
8434	9893
10041	8153
12310	6655
962	7896
12711	10004
10909	7933
6238	3522
3258	12252
13017	1221
12235	10915
5258	3630
3804	2389
2291	1931
8846	11115
10765	6506
10649	6670
2926	11496
11111	3054
2300	4098
4985	10353
7579	1746
2824	936
5814	10746
12752	9911
9585	248
12025	7666
10617	4746
8724	5613
3676	6924
1703	4085
12252	10200
3800	1467
9459	379
190	5921
7987	7972
9075	9179
8589	4429
6584	6283
10506	7139
10563	12140
12018	7619
8068	7449
5229	6036
6322	10181
3995	11756
9385	9394
7715	1985
11798	7585
4189	10345
2531	5109
12995	6584
10056	7244
1254	4849
12947	3067
2251	1453
7808	6489
11170	11358
2397	12150
7400	11149
3376	10185
11349	9534
5132	11362
12480	3879
867	11298
5458	9644
7724	10961
4586	10121
4688	6982
5138	1499
8942	5378
2456	8203
11099	5538
9932	6578
7712	4790
12505	8354
206	10614
7786	5878
1271	11838
1381	1970
1404	12327
65	69
11572	7410
3776	6186
7741	11217
5418	7672
4167	7438
12798	7426
1036	6319
12602	11872
8638	8120
838	6963
10145	9607
9347	2948
9915	7611
6347	6818
266	1871
7595	4976
3966	11580
8592	8952
5191	11272
11431	9178
873	2647
12323	6517
3154	4370
5541	11657
565	1076
967	4872
4918	5232
10824	2419
5066	4003
7877	9338
9821	10841
7977	7459
8574	11662
7914	602
10150	5600
10212	4462
7949	1473
8641	9260
1840	9836
10180	791
13002	8840
9873	1038
9190	7779
3437	9656
12515	53
8986	8495
5184	7740
7897	6510
4421	10220
10447	5542
1208	3763
3644	10342
8291	5254
12509	228
1864	6597
5379	5364
10620	2086
12043	9855
801	7432
685	1082
4929	11986
6857	4018
4396	2534
238	5298
4932	1156
319	5931
12056	3334
686	2150
8765	786
7071	9442
6082	7356
3659	10622
3513	8512
1153	8755
9478	4412
8517	5008
7495	4210
4892	6882
6579	5521
6188	291
3335	7056
1837	11618
6614	8285
3669	9684
8594	4481
12104	2111
4270	3637
10217	2024
9046	2350
12821	6220
5967	7734
7569	12023
6286	11316
527	3120
11967	6257
9040	3232
10898	10733
8324	7930
81	862
3138	8912
5791	8256
10517	8111
7263	7372
6489	10523
3845	2351
6624	7125
10437	1773
9325	1381
12424	11520
7854	6837
2380	7445
7342	3683
11833	3019
4948	3097
6722	6157
7630	1925
9776	6675
6199	11544
220	3777
4890	7079
5887	5477
737	11536
106	8838
6057	5414
11844	10136
4479	9861
6428	4514
8799	8897
3965	3767
2763	2141
6137	10572
3240	7348
11377	7686
7814	42
847	9876
1507	3586
6026	5662
410	9979
2668	11340
4503	10681
9897	11007
12816	7723
10669	10400
6541	4090
2862	7233
2549	11888
7508	1984
7244	3044
10375	7166
8102	1782
1486	6895
12912	2482
4360	10613
9809	1624
4460	9926
2321	5829
12669	705
11018	6094
4797	2455
12299	7562
3334	4727
7324	1520
7584	7272
10573	501
566	9593
2606	3233
2781	7315
3753	9216
2086	12054
617	10472
5239	5632
548	1389
10860	6056
944	10946
2787	8983
1156	10415
11006	11558
9861	9469
2327	6286
5971	11091
7634	7431
11957	7407
5774	8923
2632	5663
4084	10974
12080	3966
2904	5729
5745	10134
12952	331
12220	11100
5599	10693
1296	3305
10810	9647
11365	6893
5815	2062
1209	1913
10766	2147
12388	4626
1247	10778
10930	10950
11777	7437
4066	480
9668	1770
4229	9146
10854	11573
9012	1139
11081	622
6392	3431
12230	2099
6962	5642
3899	12178
10483	7220
10754	2227
10733	6666
12734	9389
10248	6569
5068	4330
390	11206
6183	9580
2712	2635
7961	316
5828	5832
11723	911
6300	2432
10104	1722
9772	4748
404	3566
3723	9977
9837	10449
10100	8991
8974	7298
4349	7240
12601	4603
1611	6057
8469	6087
5114	8662
12439	7487
10101	1490
8268	10838
5049	4219
3251	4305
9130	7069
11675	7494
8964	2478
4947	8491
579	9768
916	6782
10105	4711
5351	11538
5069	9061
7436	8442
5382	10777
9768	9210
3766	4275
2757	11497
6886	9958
2090	5052
4708	8552
9256	3974
11026	7138
7027	6469
11293	7001
8303	8880
10034	9678
3625	2387
7138	2353
317	3652
4852	3273
4532	7296
10267	5742
11245	9470
8849	3809
512	2358
5802	2599
11659	10364
10538	10645
3462	6266
9807	4239
1102	15
12333	3013
11338	1749
9551	1043
6719	10823
6791	2545
12367	7379
3958	1880
12970	4507
10744	10026
1484	6945
2605	6492
11282	3077
803	9598
1375	2233
213	8266
4163	3902
1152	2725
9038	6972
2876	9902
770	11816
1774	1661
6533	10956
13034	2375
6554	6276
2289	10638
1953	3339
2286	11273
4074	1355
3594	6746
12339	3704
5708	1051
10770	1414
2214	9541
4537	3747
9	4361
1979	2638
12429	8194
7792	3631
4466	8010
5123	11535
5825	8576
5807	5454
10303	8793
5341	11570
5124	4287
4459	8716
8016	3178
1793	1451
798	5774
3668	11276
234	5069
2521	9319
4687	9002
6051	8188
10235	954
9081	6327
91	4880
4631	1642
12359	4815
11516	6041
8796	10169
3146	7188
1303	3800
6315	2627
1338	8650
8521	10675
7007	8634
11686	4463
5623	2045
644	2820
4968	7444
3089	7589
9891	5058
1506	5366
1076	4233
656	3560
12736	3024
8966	3890
2662	9542
8477	7490
9239	10696
2861	1945
628	451
11729	1640
448	9920
8794	9592
8063	4304
4866	12205
11912	6449
8673	5081
2391	2212
10919	3818
10637	10316
3020	7216
7485	340
2253	3084
3395	9069
4248	4910
2915	7871
4302	7679
8501	3056
7258	10002
3793	2004
12019	11093
6979	9086
2872	7974
469	414
11620	7362
5185	9476
1116	4641
4808	4281
4837	145
5122	7304
7444	10129
1468	4012
3484	11094
2852	5494
12650	10095
11609	6137
1057	9298
3469	11933
3555	3889
11047	4007
492	12000
4509	3708
7472	9863
6297	3016
2989	4497
9673	1605
10429	217
1405	11860
4230	7353
1031	6051
1255	11548
5949	909
4123	11283
12249	8187
10286	8964
2386	2732
611	574
754	12072
2672	6572
92	75
5535	8493
12469	6916
6645	1980
4698	7254
6032	11575
7291	6939
5916	12224
2240	46
7617	2471
8196	3859
11704	6364
1050	3720
11447	9951
13048	8367
9155	11188
9749	6774
7369	7177
1737	11651
10132	2404
12613	11766
8021	10830
1113	7394
3124	6482
5209	5861
431	2366
11142	6480
2559	6576
9860	5237
8859	6418
3901	4093
684	3259
12319	11812
39	9752
880	10152
12620	3521
4281	2938
3158	1140
5667	1643
10907	167
8409	6344
10435	12198
3641	9393
13024	5323
11794	8151
11459	11032
2501	10792
9528	1658
3445	9569
7876	11782
6284	2863
6727	5274
4713	2518
9349	9710
153	733
9548	1055
4276	2837
4265	11179
9631	5344
10921	10280
1489	10552
4527	4015
383	2644
10966	4793
2719	9545
598	10880
3720	3913
1639	7507
5329	7656
9559	8244
3192	2777
10710	3078
8782	8181
6600	6831
789	12346
1281	7738
10803	1464
5675	6859
2755	6109
10795	10265
11263	4430
6124	7322
4127	1997
9193	3385
11762	11252
7701	1402
10714	7515
2993	5269
14	2344
674	2485
7257	8112
1686	6213
353	9669
10257	6633
12078	6536
7381	10093
8155	12080
4037	10187
7099	2833
11767	11161
248	7608
10591	8530
8624	11426
9417	6608
10732	2198
4209	3964
4807	5505
836	6879
983	7763
103	6711
6940	6273
12095	9272
10870	4822
6685	6002
9503	11749
5613	6347
12758	9429
4825	11271
6000	2970
12471	11981
2969	7647
12886	10533
4029	9454
9412	8891
5717	9160
1449	7512
1134	8427
12955	3587
11025	657
12717	662
7118	7013
6839	8095
1001	8676
6830	8094
8135	8826
8336	55
12360	3545
12854	2674
3061	5435
1368	3491
12593	8586
11367	3213
7080	5620
7289	8215
8580	8243
1926	338
10199	5018
38	10339
9106	10390
9260	5647
3906	9484
4533	4721
8219	1916
12737	8550
860	3312
11056	7199
1640	10110
12832	8889
4762	9949
6269	785
4636	3142
5952	8232
7618	9772
5074	9842
6336	8599
5402	7195
12407	5625
966	10893
5011	8653
5088	12387
3205	1856
12880	5146
8939	3969
12904	9034
5937	4760
6997	10242
2792	9354
4260	1136
2929	857
3679	544
9126	8627
1392	3128
7661	10939
2683	4199
8078	7698
3796	9778
3618	6733
3432	3729
11429	7799
11690	580
1828	514
5738	5383
4839	9518
11721	98
3058	8375
10926	8346
1331	10323
4301	5636
9794	3995
5013	719
6910	5006
8428	3536
2370	10164
360	10642
4160	5001
5795	10546
6937	8714
6707	6294
3974	12402
3562	1662
6255	3920
8536	4434
10092	11042
514	10541
6220	4539
7725	8916
5524	11825
3957	3693
549	7077
5186	8773
5705	6431
6880	9365
2931	4825
5109	2746
707	7167
5929	6983
9697	2607
12186	10312
10238	1222
7207	39
11766	7584
3852	2296
10274	3234
5978	7932
2497	7653
12171	6143
3912	1065
9928	9925
2918	7823
5236	11551
3197	8899
8995	4812
9328	7643
7174	6950
3773	5803
2230	3654
216	2595
6510	2787
12689	7324
11584	8017
11404	395
7978	3924
4661	10102
10537	5920
10016	1420
12559	2881
9205	3520
5445	21
1162	6227
8353	11762
4523	10685
2547	9297
5266	7883
1905	5101
10883	2856
10910	750
1663	2186
7168	9695
11395	3947
10651	330
11107	9915
3303	3677
8819	11078
4949	1995
3929	1441
9451	572
2791	5043
2537	43
9520	11884
11733	3443
6590	1922
4876	290
4536	4511
43	5375
7074	5611
2039	8636
6163	4171
9953	3231
6405	11005
837	3952
8285	4044
993	12232
197	4309
10129	10363
2485	12306
12138	5013
7065	1462
1969	11160
1158	2333
4654	11748
7045	6415
380	6353
2954	8566
5583	7145
3986	2985
10300	2315
5704	5749
8909	9488
4632	4702
8649	7451
3685	11559
8674	8683
10422	3257
9744	10254
4693	4097
3518	1425
8950	4186
3491	9928
428	2130
3930	7838
3343	8374
9383	2977
1318	3267
